[cp02.jpg]
filters=Lomo=1,0.000000,33.918129;
moddate=514d653fac74d101
width=510
height=201
textactive=0
